3 21 106 663 44 56 -1 -1 -1 -1 
4 21 105 664 44 54 -1 -1 -1 -1 
5 21 104 665 44 52 -1 -1 -1 -1 
6 21 105 667 42 51 -1 -1 -1 -1 
8 21 104 670 42 48 -1 -1 -1 -1 
10 21 105 672 39 46 -1 -1 -1 -1 
12 21 106 672 37 46 -1 -1 -1 -1 
13 21 105 673 38 44 -1 -1 -1 -1 
14 21 104 672 39 45 -1 -1 -1 -1 
16 21 102 673 41 44 -1 -1 -1 -1 
17 21 102 673 40 44 -1 -1 -1 -1 
18 21 101 674 40 43 -1 -1 -1 -1 
20 21 99 674 42 43 -1 -1 -1 -1 
21 21 98 675 43 42 -1 -1 -1 -1 
22 21 97 675 44 42 -1 -1 -1 -1 
24 21 95 677 44 41 -1 -1 -1 -1 
25 21 99 678 39 40 -1 -1 -1 -1 
27 21 97 679 42 40 -1 -1 -1 -1 
29 21 100 682 37 37 -1 -1 -1 -1 
30 21 102 684 35 34 -1 -1 -1 -1 
31 21 103 684 34 35 -1 -1 -1 -1 
32 21 104 685 33 34 -1 -1 -1 -1 
97 37 106 689 28 29 -1 -1 -1 -1 
98 37 106 687 30 31 -1 -1 -1 -1 
99 37 106 686 31 32 -1 -1 -1 -1 
100 37 105 685 33 33 -1 -1 -1 -1 
101 37 105 684 33 34 -1 -1 -1 -1 
102 37 106 683 33 35 -1 -1 -1 -1 
103 37 108 682 30 36 -1 -1 -1 -1 
104 37 108 681 31 37 -1 -1 -1 -1 
105 37 107 680 34 38 -1 -1 -1 -1 
106 37 108 680 33 38 -1 -1 -1 -1 
107 37 101 677 42 41 -1 -1 -1 -1 
108 37 100 676 43 42 -1 -1 -1 -1 
110 37 101 674 41 44 -1 -1 -1 -1 
112 37 104 673 38 45 -1 -1 -1 -1 
113 37 104 674 38 45 -1 -1 -1 -1 
114 37 106 673 35 46 -1 -1 -1 -1 
115 37 104 674 38 45 -1 -1 -1 -1 
116 37 104 672 39 45 -1 -1 -1 -1 
117 37 104 672 40 45 -1 -1 -1 -1 
118 37 104 671 41 46 -1 -1 -1 -1 
119 37 107 670 37 48 -1 -1 -1 -1 
120 37 108 669 36 49 -1 -1 -1 -1 
121 37 107 669 39 50 -1 -1 -1 -1 
122 37 107 668 39 51 -1 -1 -1 -1 
123 37 107 667 39 52 -1 -1 -1 -1 
123 45 983 682 51 37 -1 -1 -1 -1 
124 37 107 666 39 53 -1 -1 -1 -1 
124 45 979 679 55 40 -1 -1 -1 -1 
125 37 107 666 40 53 -1 -1 -1 -1 
125 45 978 677 55 42 -1 -1 -1 -1 
126 37 107 665 40 54 -1 -1 -1 -1 
127 45 974 671 55 48 -1 -1 -1 -1 
128 37 108 664 39 55 -1 -1 -1 -1 
128 45 971 667 55 52 -1 -1 -1 -1 
129 37 106 662 43 57 -1 -1 -1 -1 
129 45 969 663 54 56 -1 -1 -1 -1 
130 37 107 661 41 58 -1 -1 -1 -1 
130 45 966 660 56 59 -1 -1 -1 -1 
131 37 107 661 42 58 -1 -1 -1 -1 
131 45 962 658 61 61 -1 -1 -1 -1 
132 37 107 660 43 59 -1 -1 -1 -1 
132 45 962 657 59 62 -1 -1 -1 -1 
133 37 107 659 44 60 -1 -1 -1 -1 
133 45 960 655 59 64 -1 -1 -1 -1 
134 37 106 659 45 60 -1 -1 -1 -1 
134 45 960 653 56 66 -1 -1 -1 -1 
135 37 108 659 44 60 -1 -1 -1 -1 
135 45 958 650 58 69 -1 -1 -1 -1 
136 37 108 659 45 60 -1 -1 -1 -1 
136 45 957 647 58 72 -1 -1 -1 -1 
137 37 108 658 46 61 -1 -1 -1 -1 
137 45 957 647 57 72 -1 -1 -1 -1 
138 37 109 658 45 61 -1 -1 -1 -1 
138 45 958 644 53 73 -1 -1 -1 -1 
139 45 958 641 52 76 -1 -1 -1 -1 
140 45 958 638 50 78 -1 -1 -1 -1 
141 45 956 636 52 81 -1 -1 -1 -1 
142 45 954 635 53 83 -1 -1 -1 -1 
143 45 953 633 54 85 -1 -1 -1 -1 
143 54 17 650 57 69 -1 -1 -1 -1 
144 45 952 630 54 88 -1 -1 -1 -1 
145 45 951 628 54 90 -1 -1 -1 -1 
145 54 17 648 60 70 -1 -1 -1 -1 
146 45 950 626 55 91 -1 -1 -1 -1 
146 54 17 650 62 68 -1 -1 -1 -1 
147 45 950 625 53 92 -1 -1 -1 -1 
148 45 948 625 55 92 -1 -1 -1 -1 
148 54 32 656 48 63 -1 -1 -1 -1 
149 45 948 625 54 93 -1 -1 -1 -1 
149 54 38 657 42 62 -1 -1 -1 -1 
150 45 947 626 55 91 -1 -1 -1 -1 
151 45 946 627 55 90 -1 -1 -1 -1 
152 45 946 619 54 89 -1 -1 -1 -1 
153 45 946 616 53 92 -1 -1 -1 -1 
153 54 50 661 35 58 -1 -1 -1 -1 
154 45 945 615 54 92 -1 -1 -1 -1 
154 54 51 662 35 57 -1 -1 -1 -1 
155 45 946 614 53 92 -1 -1 -1 -1 
155 54 52 662 35 57 -1 -1 -1 -1 
156 45 946 614 52 91 -1 -1 -1 -1 
156 54 55 663 33 56 -1 -1 -1 -1 
157 45 945 611 52 76 -1 -1 -1 -1 
157 54 53 660 37 59 -1 -1 -1 -1 
158 45 946 612 49 84 -1 -1 -1 -1 
159 45 945 612 50 86 -1 -1 -1 -1 
160 45 945 606 50 77 -1 -1 -1 -1 
161 45 945 603 48 69 -1 -1 -1 -1 
162 45 944 601 47 72 -1 -1 -1 -1 
163 45 944 599 46 79 -1 -1 -1 -1 
164 45 943 597 48 84 -1 -1 -1 -1 
165 45 942 596 48 86 -1 -1 -1 -1 
166 45 942 596 48 86 -1 -1 -1 -1 
167 45 942 596 48 85 -1 -1 -1 -1 
168 45 942 596 48 85 -1 -1 -1 -1 
169 45 942 594 48 88 -1 -1 -1 -1 
170 45 940 595 51 87 -1 -1 -1 -1 
171 45 940 594 50 88 -1 -1 -1 -1 
172 45 941 595 49 87 -1 -1 -1 -1 
173 45 940 594 50 88 -1 -1 -1 -1 
174 45 941 593 49 89 -1 -1 -1 -1 
175 45 941 586 48 91 -1 -1 -1 -1 
175 63 0 641 20 71 -1 -1 -1 -1 
176 45 942 583 47 91 -1 -1 -1 -1 
176 63 0 640 21 72 -1 -1 -1 -1 
177 45 941 582 49 91 -1 -1 -1 -1 
178 45 942 581 47 91 -1 -1 -1 -1 
178 63 0 642 24 70 -1 -1 -1 -1 
179 45 942 581 47 91 -1 -1 -1 -1 
179 63 0 643 24 68 -1 -1 -1 -1 
180 45 941 581 49 90 -1 -1 -1 -1 
181 45 941 580 49 90 -1 -1 -1 -1 
181 63 0 643 23 67 -1 -1 -1 -1 
182 45 941 580 49 88 -1 -1 -1 -1 
183 45 942 577 47 86 -1 -1 -1 -1 
183 54 24 642 39 77 -1 -1 -1 -1 
184 45 942 576 46 83 -1 -1 -1 -1 
184 54 24 641 41 78 -1 -1 -1 -1 
184 63 0 644 23 66 -1 -1 -1 -1 
185 45 943 575 45 81 -1 -1 -1 -1 
185 54 24 642 41 77 -1 -1 -1 -1 
185 63 0 644 23 66 -1 -1 -1 -1 
186 45 943 575 45 80 -1 -1 -1 -1 
186 54 23 641 42 78 -1 -1 -1 -1 
186 63 0 642 24 68 -1 -1 -1 -1 
187 45 943 574 44 82 -1 -1 -1 -1 
187 63 0 642 24 68 -1 -1 -1 -1 
188 45 943 573 44 83 -1 -1 -1 -1 
188 63 0 642 27 70 -1 -1 -1 -1 
189 45 943 573 44 82 -1 -1 -1 -1 
189 63 0 643 27 70 -1 -1 -1 -1 
190 45 942 572 45 83 -1 -1 -1 -1 
190 63 0 644 28 69 -1 -1 -1 -1 
191 45 942 572 44 82 -1 -1 -1 -1 
191 63 0 645 30 68 -1 -1 -1 -1 
192 45 941 572 45 80 -1 -1 -1 -1 
192 54 31 642 39 77 -1 -1 -1 -1 
192 63 0 646 31 67 -1 -1 -1 -1 
193 45 941 572 44 81 -1 -1 -1 -1 
193 54 31 642 41 77 -1 -1 -1 -1 
193 63 0 646 32 67 -1 -1 -1 -1 
194 45 941 571 44 81 -1 -1 -1 -1 
194 54 33 644 39 74 -1 -1 -1 -1 
194 63 0 648 33 64 -1 -1 -1 -1 
195 45 940 571 45 80 -1 -1 -1 -1 
195 54 33 644 40 74 -1 -1 -1 -1 
195 63 0 648 32 64 -1 -1 -1 -1 
196 45 940 570 45 81 -1 -1 -1 -1 
196 54 34 644 40 73 -1 -1 -1 -1 
196 63 0 649 33 63 -1 -1 -1 -1 
197 45 940 569 45 81 -1 -1 -1 -1 
197 54 36 645 37 72 -1 -1 -1 -1 
197 63 0 649 32 64 -1 -1 -1 -1 
198 45 940 568 45 84 -1 -1 -1 -1 
198 54 36 646 38 73 -1 -1 -1 -1 
198 63 0 648 33 65 -1 -1 -1 -1 
199 45 940 568 44 84 -1 -1 -1 -1 
199 54 36 646 36 73 -1 -1 -1 -1 
199 63 0 648 34 65 -1 -1 -1 -1 
200 45 939 567 46 84 -1 -1 -1 -1 
200 54 37 647 33 72 -1 -1 -1 -1 
200 63 0 648 34 65 -1 -1 -1 -1 
201 45 940 567 43 84 -1 -1 -1 -1 
201 54 35 648 37 70 -1 -1 -1 -1 
201 63 0 649 35 64 -1 -1 -1 -1 
202 45 939 566 44 85 -1 -1 -1 -1 
202 54 36 648 35 69 -1 -1 -1 -1 
202 63 0 651 35 64 -1 -1 -1 -1 
203 45 939 566 44 85 -1 -1 -1 -1 
203 54 37 648 33 69 -1 -1 -1 -1 
203 63 0 651 36 64 -1 -1 -1 -1 
204 45 939 565 45 86 -1 -1 -1 -1 
204 54 37 649 33 67 -1 -1 -1 -1 
204 63 0 651 36 64 -1 -1 -1 -1 
205 45 939 565 45 86 -1 -1 -1 -1 
205 63 0 652 37 64 -1 -1 -1 -1 
206 45 939 564 45 87 -1 -1 -1 -1 
206 63 0 652 37 64 -1 -1 -1 -1 
207 45 939 564 44 87 -1 -1 -1 -1 
207 63 0 652 38 65 -1 -1 -1 -1 
208 45 938 564 46 86 -1 -1 -1 -1 
208 63 0 652 39 65 -1 -1 -1 -1 
209 45 938 564 46 85 -1 -1 -1 -1 
209 63 0 653 38 64 -1 -1 -1 -1 
210 45 938 564 46 85 -1 -1 -1 -1 
210 63 0 652 39 65 -1 -1 -1 -1 
211 45 937 565 47 84 -1 -1 -1 -1 
211 63 1 651 39 66 -1 -1 -1 -1 
212 45 938 565 45 85 -1 -1 -1 -1 
213 45 936 566 48 84 -1 -1 -1 -1 
213 63 1 652 41 65 -1 -1 -1 -1 
214 45 936 566 48 84 -1 -1 -1 -1 
214 63 1 652 42 65 -1 -1 -1 -1 
215 45 936 566 47 83 -1 -1 -1 -1 
215 63 2 652 41 65 -1 -1 -1 -1 
216 45 935 566 48 82 -1 -1 -1 -1 
216 63 2 652 41 65 -1 -1 -1 -1 
217 45 935 564 47 82 -1 -1 -1 -1 
217 63 2 652 41 65 -1 -1 -1 -1 
218 45 935 564 47 81 -1 -1 -1 -1 
218 63 2 652 41 65 -1 -1 -1 -1 
219 45 936 563 46 81 -1 -1 -1 -1 
219 63 2 652 41 65 -1 -1 -1 -1 
220 45 936 562 45 81 -1 -1 -1 -1 
220 63 2 652 41 65 -1 -1 -1 -1 
221 45 936 561 44 81 -1 -1 -1 -1 
221 63 2 652 41 65 -1 -1 -1 -1 
222 45 935 560 45 82 -1 -1 -1 -1 
222 63 2 652 40 65 -1 -1 -1 -1 
223 45 935 560 45 81 -1 -1 -1 -1 
223 63 3 653 40 64 -1 -1 -1 -1 
224 45 935 559 45 81 -1 -1 -1 -1 
224 63 3 653 40 64 -1 -1 -1 -1 
224 75 134 659 45 59 -1 -1 -1 -1 
225 45 935 558 45 81 -1 -1 -1 -1 
225 63 3 653 40 64 -1 -1 -1 -1 
225 75 135 660 43 58 -1 -1 -1 -1 
226 45 935 556 44 82 -1 -1 -1 -1 
226 63 2 653 41 64 -1 -1 -1 -1 
226 75 135 660 44 58 -1 -1 -1 -1 
227 45 935 555 44 82 -1 -1 -1 -1 
227 63 3 653 41 64 -1 -1 -1 -1 
227 75 135 660 44 58 -1 -1 -1 -1 
228 45 935 554 43 82 -1 -1 -1 -1 
228 63 3 653 41 64 -1 -1 -1 -1 
228 75 135 660 44 58 -1 -1 -1 -1 
229 45 935 553 43 82 -1 -1 -1 -1 
229 63 3 653 40 64 -1 -1 -1 -1 
229 75 134 660 45 59 -1 -1 -1 -1 
230 45 934 553 44 81 -1 -1 -1 -1 
230 63 3 653 41 64 -1 -1 -1 -1 
230 75 135 660 44 59 -1 -1 -1 -1 
231 45 934 552 43 81 -1 -1 -1 -1 
231 63 3 653 41 64 -1 -1 -1 -1 
231 75 135 661 43 58 -1 -1 -1 -1 
232 45 934 551 42 81 -1 -1 -1 -1 
232 63 3 653 41 64 -1 -1 -1 -1 
232 75 135 661 45 58 -1 -1 -1 -1 
233 63 3 653 41 64 -1 -1 -1 -1 
233 75 135 661 45 58 -1 -1 -1 -1 
234 63 3 653 41 64 -1 -1 -1 -1 
234 75 136 661 44 58 -1 -1 -1 -1 
235 45 933 545 44 74 -1 -1 -1 -1 
235 63 3 653 41 64 -1 -1 -1 -1 
235 75 135 661 44 58 -1 -1 -1 -1 
236 45 933 544 43 73 -1 -1 -1 -1 
236 63 3 653 41 64 -1 -1 -1 -1 
236 75 135 661 45 58 -1 -1 -1 -1 
237 45 934 543 41 74 -1 -1 -1 -1 
237 63 3 653 41 64 -1 -1 -1 -1 
237 75 136 661 44 58 -1 -1 -1 -1 
238 45 934 542 41 74 -1 -1 -1 -1 
238 63 3 653 41 64 -1 -1 -1 -1 
238 75 137 661 43 58 -1 -1 -1 -1 
239 45 933 542 43 74 -1 -1 -1 -1 
239 63 3 653 41 64 -1 -1 -1 -1 
240 45 933 541 41 75 -1 -1 -1 -1 
240 63 2 653 42 64 -1 -1 -1 -1 
240 75 136 660 44 59 -1 -1 -1 -1 
241 45 932 539 43 77 -1 -1 -1 -1 
241 63 3 653 41 64 -1 -1 -1 -1 
241 75 136 660 44 59 -1 -1 -1 -1 
242 45 932 538 43 79 -1 -1 -1 -1 
242 63 3 653 41 64 -1 -1 -1 -1 
243 45 932 537 42 80 -1 -1 -1 -1 
243 63 3 653 41 64 -1 -1 -1 -1 
244 45 932 536 42 80 -1 -1 -1 -1 
244 63 3 653 41 64 -1 -1 -1 -1 
245 45 931 534 43 82 -1 -1 -1 -1 
245 63 3 652 40 65 -1 -1 -1 -1 
246 45 931 534 43 82 -1 -1 -1 -1 
246 63 2 652 42 64 -1 -1 -1 -1 
247 45 931 533 43 83 -1 -1 -1 -1 
247 63 2 652 43 64 -1 -1 -1 -1 
248 45 932 532 41 85 -1 -1 -1 -1 
248 63 2 651 43 65 -1 -1 -1 -1 
249 45 931 531 42 85 -1 -1 -1 -1 
249 63 3 651 42 64 -1 -1 -1 -1 
250 45 930 531 44 85 -1 -1 -1 -1 
250 63 3 651 41 64 -1 -1 -1 -1 
251 45 931 531 43 83 -1 -1 -1 -1 
251 63 4 651 40 64 -1 -1 -1 -1 
252 45 931 532 43 81 -1 -1 -1 -1 
252 63 3 651 41 64 -1 -1 -1 -1 
253 45 931 532 44 80 -1 -1 -1 -1 
253 63 3 651 42 64 -1 -1 -1 -1 
254 45 931 531 44 80 -1 -1 -1 -1 
254 63 4 651 41 63 -1 -1 -1 -1 
255 45 930 529 44 77 -1 -1 -1 -1 
255 63 3 651 42 63 -1 -1 -1 -1 
256 45 930 528 44 76 -1 -1 -1 -1 
256 63 3 650 41 65 -1 -1 -1 -1 
257 45 931 527 42 76 -1 -1 -1 -1 
257 63 3 650 41 65 -1 -1 -1 -1 
258 45 931 526 42 76 -1 -1 -1 -1 
258 63 3 649 41 66 -1 -1 -1 -1 
259 45 931 525 42 77 -1 -1 -1 -1 
259 63 2 649 42 65 -1 -1 -1 -1 
259 83 1208 435 27 55 -1 -1 -1 -1 
260 45 932 523 40 78 -1 -1 -1 -1 
260 63 2 649 42 65 -1 -1 -1 -1 
260 75 141 651 46 68 -1 -1 -1 -1 
261 45 932 522 40 78 -1 -1 -1 -1 
261 63 2 649 43 65 -1 -1 -1 -1 
261 75 138 650 51 69 -1 -1 -1 -1 
262 45 932 521 40 78 -1 -1 -1 -1 
262 63 3 648 42 66 -1 -1 -1 -1 
262 75 139 649 49 70 -1 -1 -1 -1 
263 45 931 520 41 79 -1 -1 -1 -1 
263 63 3 647 42 67 -1 -1 -1 -1 
263 75 140 648 48 71 -1 -1 -1 -1 
264 45 932 519 40 79 -1 -1 -1 -1 
264 63 3 647 42 67 -1 -1 -1 -1 
264 75 139 650 50 69 -1 -1 -1 -1 
265 45 932 517 40 79 -1 -1 -1 -1 
265 63 3 647 43 67 -1 -1 -1 -1 
265 75 140 648 49 71 -1 -1 -1 -1 
266 45 931 515 41 80 -1 -1 -1 -1 
266 63 3 647 43 67 -1 -1 -1 -1 
266 75 140 648 49 71 -1 -1 -1 -1 
267 45 931 515 41 73 -1 -1 -1 -1 
267 63 4 647 42 66 -1 -1 -1 -1 
267 75 142 645 47 74 -1 -1 -1 -1 
268 45 933 514 38 71 -1 -1 -1 -1 
268 63 4 647 43 66 -1 -1 -1 -1 
268 75 142 644 47 75 -1 -1 -1 -1 
269 45 932 512 39 72 -1 -1 -1 -1 
269 63 5 646 43 67 -1 -1 -1 -1 
270 45 933 511 38 73 -1 -1 -1 -1 
270 63 5 646 43 67 -1 -1 -1 -1 
271 45 933 510 38 74 -1 -1 -1 -1 
271 63 4 646 46 67 -1 -1 -1 -1 
271 83 1226 436 23 59 -1 -1 -1 -1 
272 45 932 509 39 75 -1 -1 -1 -1 
272 63 5 647 44 66 -1 -1 -1 -1 
273 45 932 508 39 76 -1 -1 -1 -1 
273 63 6 647 43 66 -1 -1 -1 -1 
273 83 1228 436 23 60 -1 -1 -1 -1 
274 45 932 507 39 77 -1 -1 -1 -1 
274 63 5 649 46 64 -1 -1 -1 -1 
275 45 932 507 40 76 -1 -1 -1 -1 
275 63 5 650 46 63 -1 -1 -1 -1 
276 45 932 506 40 77 -1 -1 -1 -1 
276 63 4 648 48 66 -1 -1 -1 -1 
277 45 932 506 41 76 -1 -1 -1 -1 
277 63 4 647 49 67 -1 -1 -1 -1 
278 45 933 505 39 77 -1 -1 -1 -1 
278 63 5 646 47 67 -1 -1 -1 -1 
279 45 933 504 39 77 -1 -1 -1 -1 
279 63 4 645 48 68 -1 -1 -1 -1 
280 45 932 503 41 77 -1 -1 -1 -1 
280 63 4 645 48 68 -1 -1 -1 -1 
281 45 932 502 39 73 -1 -1 -1 -1 
281 63 4 644 48 68 -1 -1 -1 -1 
281 88 209 687 27 32 -1 -1 -1 -1 
282 45 934 502 36 72 -1 -1 -1 -1 
282 63 4 644 49 68 -1 -1 -1 -1 
282 88 209 687 27 32 -1 -1 -1 -1 
283 45 933 501 37 72 -1 -1 -1 -1 
283 63 3 644 50 68 -1 -1 -1 -1 
283 88 209 687 27 32 -1 -1 -1 -1 
284 45 934 501 36 70 -1 -1 -1 -1 
284 88 209 686 26 33 -1 -1 -1 -1 
285 45 934 500 36 70 -1 -1 -1 -1 
285 88 208 686 28 33 -1 -1 -1 -1 
287 45 933 498 36 70 -1 -1 -1 -1 
287 63 4 643 49 69 -1 -1 -1 -1 
288 45 933 497 35 69 -1 -1 -1 -1 
288 63 3 642 51 71 -1 -1 -1 -1 
289 45 933 497 35 70 -1 -1 -1 -1 
289 63 3 642 52 71 -1 -1 -1 -1 
289 88 208 686 30 33 -1 -1 -1 -1 
290 45 933 496 35 70 -1 -1 -1 -1 
290 63 3 642 52 71 -1 -1 -1 -1 
291 88 208 687 30 32 -1 -1 -1 -1 
297 88 208 688 31 31 -1 -1 -1 -1 
299 63 7 644 51 68 -1 -1 -1 -1 
299 88 208 688 32 31 -1 -1 -1 -1 
300 63 8 644 50 67 -1 -1 -1 -1 
300 88 208 688 32 31 -1 -1 -1 -1 
301 88 208 688 32 31 -1 -1 -1 -1 
302 45 931 480 33 70 -1 -1 -1 -1 
302 88 210 687 29 32 -1 -1 -1 -1 
303 45 930 478 33 70 -1 -1 -1 -1 
303 63 8 644 50 68 -1 -1 -1 -1 
303 88 211 687 28 32 -1 -1 -1 -1 
304 45 929 478 34 70 -1 -1 -1 -1 
304 63 7 644 52 68 -1 -1 -1 -1 
304 88 211 687 28 32 -1 -1 -1 -1 
305 45 929 478 33 71 -1 -1 -1 -1 
305 63 9 642 49 70 -1 -1 -1 -1 
305 88 211 686 29 33 -1 -1 -1 -1 
306 45 929 478 33 70 -1 -1 -1 -1 
306 63 9 642 49 70 -1 -1 -1 -1 
307 45 928 477 34 71 -1 -1 -1 -1 
307 63 9 641 50 71 -1 -1 -1 -1 
308 45 927 476 34 71 -1 -1 -1 -1 
308 63 9 641 50 72 -1 -1 -1 -1 
309 45 926 475 34 72 -1 -1 -1 -1 
309 63 8 641 51 72 -1 -1 -1 -1 
310 45 926 474 34 71 -1 -1 -1 -1 
310 63 8 640 51 74 -1 -1 -1 -1 
311 45 925 473 35 71 -1 -1 -1 -1 
311 63 8 640 52 74 -1 -1 -1 -1 
312 45 925 473 35 69 -1 -1 -1 -1 
312 63 8 640 52 74 -1 -1 -1 -1 
313 45 925 473 34 68 -1 -1 -1 -1 
313 63 9 640 51 74 -1 -1 -1 -1 
313 88 213 684 27 35 -1 -1 -1 -1 
